ECAL_shower_profile_x_default 144      -0.72      0.72
               0                0      2.70988e-05      2.70988e-05      7.45217e-05       0.00011517      0.000169368      0.000257439 
     0.000338735      0.000508103      0.000663921      0.000901035       0.00116525        0.0016869       0.00228307       0.00294699 
      0.00375318       0.00470164       0.00590754       0.00720151       0.00882066        0.0106973        0.0130548        0.0153786 
        0.017892        0.0210558        0.0239621        0.0272072        0.0305133        0.0343545        0.0382093         0.042247 
       0.0465828        0.0510812        0.0554171         0.060078         0.064861        0.0695491        0.0746098        0.0795892 
       0.0850631        0.0907403        0.0966614         0.102569         0.108693         0.114641         0.121287         0.128157 
        0.135067         0.142756         0.150581         0.158962         0.167145         0.176271         0.185898         0.195945 
        0.206811          0.21885         0.231085         0.243984         0.257947         0.273305         0.289341         0.306386 
        0.324698         0.344778          0.36559          0.38754         0.410425         0.435634         0.460788         0.486356 
        0.511896         0.537295         0.563492         0.589582         0.614641         0.638549         0.660953         0.681298 
        0.700152         0.717773         0.734208          0.74935         0.763556         0.776543         0.789266         0.800397 
        0.811209         0.821236         0.830707         0.839114         0.847725          0.85536         0.862704         0.869607 
        0.876524         0.883103         0.890223          0.89609         0.902146          0.90758         0.912681         0.917938 
        0.923087         0.928303         0.933134           0.9377         0.942124         0.946568         0.950606         0.954833 
        0.958762         0.962719         0.966519         0.969697         0.973084         0.976275         0.979229         0.982067 
        0.984757         0.987365         0.989459         0.991335         0.993002         0.994526         0.995542         0.996531 
        0.997344         0.998022         0.998557         0.998869          0.99916         0.999377           0.9996         0.999675 
         0.99977         0.999837         0.999919         0.999932         0.999959          0.99998          0.99998         0.999993 
               1 

ECAL_shower_profile_y_default 176      -0.84      0.92
               0      2.03249e-05      4.74248e-05      6.09748e-05      7.45247e-05      8.80747e-05      0.000128725      0.000149049 
     0.000243899      0.000318424      0.000413274      0.000481023      0.000575873      0.000670723      0.000819772      0.000989146 
      0.00123982       0.00147694       0.00173439       0.00210024       0.00256094       0.00316391       0.00373979       0.00461376 
      0.00563001       0.00663948        0.0080148       0.00943077        0.0110703        0.0127912        0.0150879        0.0174456 
       0.0199862        0.0228723        0.0261785        0.0299725        0.0339155        0.0382312        0.0425401         0.047269 
       0.0522757        0.0571876        0.0626143         0.068434        0.0743621          0.08069        0.0871465        0.0935353 
        0.100005         0.107051         0.113935         0.121218         0.128569         0.136326         0.143928         0.151631 
        0.159713         0.168141         0.176522         0.185045         0.193656         0.202443         0.211027         0.220193 
         0.22997         0.240119         0.249976         0.260328         0.270999         0.281886         0.293024         0.304528 
        0.316527         0.329914         0.342543         0.355585          0.36906         0.383829         0.398789         0.414114 
        0.430123         0.446722         0.463368         0.481172         0.498008          0.51563         0.532764         0.549315 
        0.565467         0.580981         0.596476         0.612343         0.627166         0.641204         0.654686         0.667789 
        0.680228         0.692226         0.703879         0.715051         0.725844          0.73625         0.746941         0.757327 
         0.76732         0.777266          0.78648          0.79543         0.804427         0.813133         0.821208         0.829304 
        0.837584         0.845605          0.85345         0.860984          0.86866         0.875388         0.882258         0.889019 
        0.895828         0.902569           0.9087         0.915272         0.921139         0.926857         0.932433         0.937596 
        0.942325         0.947379         0.951877         0.956254         0.960211         0.963984         0.967934         0.971227 
        0.974452         0.977466         0.980386         0.982771         0.985237         0.987209         0.988964         0.990508 
        0.991809         0.992805         0.993808         0.994756         0.995535         0.996179         0.996762         0.997304 
        0.997669         0.997988         0.998299         0.998564         0.998801          0.99895         0.999126         0.999268 
        0.999397         0.999485         0.999553         0.999627         0.999715         0.999743         0.999776          0.99981 
        0.999844         0.999885         0.999898         0.999932         0.999959         0.999966         0.999973         0.999986 
               1 

ECAL_shower_profiles_x 5        -70        70
ECAL_shower_profile_x_bin 1  75      -0.76      0.74
               0                0       0.00011634       0.00011634       0.00040719       0.00069804       0.00098889       0.00191961 
      0.00279216       0.00471177       0.00791112        0.0118085        0.0166366        0.0228608        0.0285615        0.0360072 
       0.0446164        0.0553778        0.0652667        0.0759118        0.0875458        0.0991798          0.11029         0.124949 
        0.139433         0.154092         0.170613         0.187947         0.206096         0.225583         0.246641         0.270839 
        0.297714         0.329824         0.361934         0.399337         0.438253         0.479262         0.519749         0.567681 
        0.638823         0.694433         0.734512         0.765575         0.789425         0.807923         0.825025          0.84044 
        0.854633         0.866616         0.879297         0.891571         0.903089         0.913443          0.92403         0.934908 
        0.943342         0.951835         0.959572         0.966436         0.972253         0.979175         0.984527         0.988191 
        0.992438         0.994532         0.996684          0.99779          0.99872         0.999244         0.999593         0.999709 
        0.999767         0.999942                1                1 

ECAL_shower_profile_x_bin 2  76      -0.76      0.76
               0                0      4.32414e-05      0.000108103      0.000151345       0.00030269      0.000648621       0.00121076 
      0.00216207       0.00447548       0.00696186        0.0107239        0.0152642        0.0221828        0.0286907        0.0371227 
       0.0459223        0.0554787        0.0663971        0.0775534        0.0895745         0.101769         0.115217         0.130178 
        0.144513         0.160166         0.176663         0.194846         0.214715         0.236336         0.260313         0.288225 
        0.318646         0.353952         0.391961         0.436327          0.48333         0.533382          0.58378          0.63327 
        0.678457         0.719536         0.753567         0.782993         0.806646         0.827489         0.845218         0.859747 
        0.872827         0.884913         0.895313         0.905539         0.914166         0.923138         0.931527         0.940565 
        0.949127         0.957256         0.964629         0.972131         0.978574         0.984541         0.989146         0.993189 
        0.995762         0.997189         0.998335          0.99907         0.999459         0.999719         0.999805         0.999892 
        0.999935         0.999935         0.999935         0.999978                1 

ECAL_shower_profile_x_bin 3  72       -0.7      0.74
               0                0      2.22277e-05      4.44553e-05      0.000111138       0.00028896      0.000555691       0.00117807 
      0.00204494       0.00402321       0.00622374        0.0103359        0.0145591        0.0188268        0.0243615        0.0302741 
       0.0371646        0.0446109        0.0523239        0.0606148        0.0708173        0.0819978        0.0941563         0.107182 
        0.123141         0.140545          0.16055         0.183267         0.209229         0.237836         0.270022         0.308009 
        0.351108         0.399075         0.452488         0.507524         0.563315         0.616017         0.664185         0.706106 
         0.74356         0.776545         0.805575         0.829625         0.851386         0.869101         0.884238         0.897486 
        0.911378         0.923426         0.932717         0.942008         0.950566         0.957656         0.963969         0.970304 
        0.976305         0.981018         0.985396         0.989975         0.993598         0.995866         0.997777         0.998733 
        0.999444         0.999555           0.9998         0.999867         0.999956         0.999956         0.999956         0.999978 
               1 

ECAL_shower_profile_x_bin 4  67      -0.66      0.68
               0      3.31027e-05      9.93082e-05      0.000297924      0.000628952       0.00102618       0.00195306       0.00331027 
      0.00585918       0.00913635        0.0142011         0.019332        0.0257208        0.0330696        0.0404515        0.0473038 
       0.0545533        0.0626634        0.0696812        0.0783541        0.0861333        0.0953689         0.105399         0.115959 
        0.129498         0.144758          0.16323         0.184746         0.211262         0.242279         0.278162          0.31815 
        0.365553         0.415108         0.469562          0.51915         0.566851         0.609289         0.646728         0.682048 
         0.71386         0.739912         0.764607         0.787646         0.807739         0.826509         0.845808         0.861995 
         0.87656         0.890364         0.903108         0.914628         0.926214         0.938098         0.948923         0.957993 
        0.966004          0.97375         0.980999          0.98709         0.991956         0.995233         0.997584         0.998709 
         0.99947         0.999735         0.999934                1 

ECAL_shower_profile_x_bin 5  74      -0.68       0.8
               0                0      0.000222866      0.000334299      0.000445732      0.000780031       0.00156006       0.00267439 
      0.00345442       0.00590595       0.00936037        0.0132605        0.0205037        0.0279697        0.0361043        0.0441275 
       0.0548251        0.0669713        0.0794517        0.0902608         0.101293         0.112547         0.126142         0.140628 
        0.153109         0.166927         0.181747         0.198462          0.21618         0.238467         0.267774         0.303209 
        0.348785         0.413305         0.473925         0.512703         0.553711         0.595164         0.634723         0.669935 
        0.700802         0.728215         0.756742         0.780811         0.799755         0.817361         0.837196         0.851683 
        0.866392         0.877981         0.892579         0.904613         0.917874         0.928571         0.938155         0.947404 
        0.956875          0.96501         0.972922         0.979831         0.984845         0.989302         0.993091         0.995654 
        0.997437         0.998551         0.998997         0.999666         0.999777         0.999777         0.999889         0.999889 
        0.999889                1                1 



ECAL_shower_profiles_y 9       -150       150
ECAL_shower_profile_y_bin 1  90         -1       0.8
               0      0.000360231      0.000360231      0.000360231      0.000360231      0.000360231      0.000720461      0.000720461 
      0.00144092       0.00252161       0.00324207         0.004683       0.00648415       0.00900576        0.0122478        0.0162104 
       0.0216138        0.0284582        0.0367435        0.0446686         0.059438        0.0767291        0.0987032         0.118516 
        0.141571         0.164986         0.186599         0.209294         0.240634         0.264049         0.288184         0.310159 
        0.326009         0.345461         0.365634         0.388689          0.40598         0.428314         0.444164         0.459294 
        0.478746         0.497118         0.511167         0.527738         0.545029         0.565202         0.585014         0.605548 
        0.621758         0.637248         0.662464         0.680836         0.698847         0.716138         0.739193         0.755764 
        0.773775         0.793588         0.814841         0.833934         0.850144         0.865994         0.880403         0.899856 
        0.915346         0.930476         0.943084          0.95353         0.961816          0.96866         0.974784         0.979827 
         0.98487         0.989914         0.991354         0.992795         0.993876         0.994957         0.996398         0.997118 
        0.997478         0.997478         0.997839         0.997839         0.998199         0.998559         0.998919         0.998919 
         0.99964                1                1 

ECAL_shower_profile_y_bin 2  89       -0.9      0.88
               0                0      6.91706e-05      6.91706e-05      0.000207512      0.000345853      0.000553365      0.000968389 
      0.00193678       0.00276683       0.00394273       0.00615619       0.00878467        0.0132808        0.0207512         0.029605 
       0.0417099        0.0538148         0.069309        0.0852182         0.102165         0.121879         0.142561         0.162759 
        0.183302         0.204399         0.229024         0.254548         0.279311         0.306564         0.333541         0.359826 
         0.39033         0.415854         0.438611         0.461714         0.486823         0.511724           0.5313         0.553365 
        0.575431         0.595421         0.615204         0.634433         0.654769          0.67476          0.69392         0.712458 
         0.72809         0.746005         0.762191         0.777893         0.795324         0.812063         0.830463         0.848309 
        0.865878         0.882617         0.899288         0.914367         0.929515         0.944733         0.955662         0.966867 
        0.976551         0.983676         0.989209         0.992737         0.994051         0.996057         0.996818         0.997302 
        0.997441         0.998132         0.998409         0.998547         0.998893         0.999032         0.999308         0.999308 
        0.999308         0.999377         0.999447         0.999585         0.999723         0.999862         0.999862         0.999862 
        0.999931                1 

ECAL_shower_profile_y_bin 3  78       -0.8      0.76
               0                0      4.77418e-05      0.000190967      0.000238709      0.000477418      0.000907094       0.00138451 
      0.00276903       0.00415354       0.00716127        0.0109329         0.017378        0.0259238        0.0352812         0.048076 
       0.0632102        0.0779146        0.0949107         0.111764         0.130431         0.148238         0.166046         0.185716 
        0.204383         0.224912         0.246634         0.270028         0.297957         0.326649         0.356154         0.388141 
        0.422754         0.458083         0.492361         0.523823         0.554091         0.584694         0.615249         0.646281 
          0.6723         0.694452         0.714027          0.73341         0.752077         0.770505         0.787024         0.803351 
        0.818963          0.83319         0.847608         0.861596         0.875251         0.888618         0.900888          0.91564 
        0.929294         0.941803         0.954645         0.966199         0.976654         0.984102         0.990213          0.99408 
        0.995799         0.997374         0.998186         0.998997         0.999475          0.99957         0.999618         0.999714 
        0.999809         0.999809         0.999905         0.999905         0.999905                1                1 

ECAL_shower_profile_y_bin 4  71       -0.7      0.72
               0      4.68845e-05       9.3769e-05      0.000234423      0.000609499       0.00154719       0.00290684       0.00482911 
      0.00820479        0.0141591        0.0216138        0.0313189        0.0405082        0.0505415        0.0599653        0.0713582 
       0.0842046        0.0964883         0.110507         0.124525         0.141263         0.157485         0.175536         0.194149 
        0.213934         0.235782         0.260678         0.285011         0.310704         0.339725         0.377749         0.417835 
        0.462328         0.509775         0.555066         0.603357         0.647757         0.685499         0.720146         0.752403 
        0.777955         0.800084         0.819729         0.836373         0.851282         0.867035         0.880257         0.892494 
        0.903746         0.914623         0.924375         0.934174         0.942613         0.951615         0.961133         0.970041 
        0.978996         0.984669         0.990014         0.994093         0.996109          0.99775         0.998734         0.999391 
        0.999625         0.999766         0.999859         0.999906         0.999906         0.999953                1                1 


ECAL_shower_profile_y_bin 5  65      -0.66      0.64
               0                0      4.64145e-05      0.000139243      0.000278487      0.000649803       0.00148526        0.0032026 
      0.00589464       0.00983987         0.014899        0.0203295        0.0257136        0.0308656        0.0377814        0.0441402 
       0.0515201         0.059132        0.0685078        0.0795544        0.0912045         0.103829         0.115665         0.130332 
        0.146948         0.168067         0.193038         0.220887         0.252634          0.28842         0.331585         0.379206 
        0.433558         0.490044         0.548016          0.60116         0.649431         0.693432          0.73126         0.764214 
        0.789882         0.813507         0.834997         0.853655         0.871757          0.88647         0.898909         0.911998 
         0.92272          0.93307         0.942492         0.950383         0.957902         0.964957         0.971177         0.977535 
        0.983059         0.987654         0.992945         0.996101         0.998375         0.999211         0.999582         0.999954 
               1                1 

ECAL_shower_profile_y_bin 6  70      -0.64      0.76
               0      4.57226e-05      0.000182891      0.000365781       0.00068584        0.0010059       0.00205752       0.00388642 
      0.00662978        0.0116593        0.0174661        0.0240044        0.0323716        0.0399159         0.048466         0.056879 
       0.0673037        0.0765397        0.0866901        0.0967948          0.10722         0.118925         0.131681         0.145169 
        0.159709         0.177175         0.196882           0.2202         0.246445         0.278588         0.314938         0.357231 
        0.405194         0.454026         0.502858         0.547071         0.591148         0.629601         0.665082         0.697773 
        0.724384         0.751635         0.777468         0.798592         0.817292         0.836039         0.854693         0.871016 
        0.885876         0.898907         0.911527         0.922454         0.932925         0.942892          0.95222         0.962142 
        0.971332         0.979471         0.986283         0.991724         0.995245         0.997531         0.998674         0.999086 
        0.999588         0.999726         0.999771         0.999771         0.999817                1                1 

ECAL_shower_profile_y_bin 7  77      -0.64       0.9
               0                0      0.000585909      0.000732386       0.00107417        0.0017089       0.00258776       0.00434549 
      0.00717738        0.0122553        0.0191397        0.0284166        0.0404277        0.0527318        0.0648406        0.0772423 
       0.0908647         0.105073         0.119184          0.13305         0.146184         0.161125         0.176359         0.190469 
        0.205556         0.220888         0.236561         0.255749         0.272789         0.293443          0.31561         0.338021 
        0.363361         0.394561         0.425419         0.458669         0.496216         0.531517         0.563303         0.594063 
        0.620478         0.646258         0.671696         0.694937         0.718861         0.739124         0.758557         0.777696 
        0.796885         0.813046         0.829793         0.848298         0.867633         0.885357         0.900737         0.918266 
         0.93223         0.946194         0.959133         0.971339         0.981153         0.987549         0.993067         0.995801 
        0.997656         0.998438         0.998926         0.999121         0.999414         0.999609         0.999707         0.999756 
        0.999756         0.999756         0.999805         0.999902                1                1 

ECAL_shower_profile_y_bin 8  90      -0.86      0.94
               0                0      5.90528e-05      5.90528e-05      5.90528e-05      0.000118106      0.000118106      0.000118106 
     0.000177158      0.000177158      0.000177158      0.000177158      0.000354317      0.000531475        0.0010039       0.00159443 
      0.00242116       0.00372033       0.00513759       0.00803118        0.0119287        0.0165938        0.0241526        0.0326562 
       0.0443486        0.0568678        0.0715129        0.0869257         0.101157         0.116452         0.131392         0.147691 
         0.16269         0.179166         0.195583         0.211704         0.228298         0.245837         0.261131         0.275481 
        0.290304         0.304949         0.320302         0.335715          0.35225         0.370674         0.389099         0.408114 
        0.426952         0.449687         0.473308          0.50124         0.526692         0.551199         0.579957         0.605704 
        0.630625         0.655663          0.68082         0.704441         0.728889         0.752805         0.774714         0.796209 
        0.817113         0.837841         0.857447         0.878056         0.898016         0.915023         0.931322         0.946557 
        0.960317         0.969883         0.977265          0.98382         0.989075         0.992205         0.994921          0.99687 
        0.997697         0.998465         0.998819         0.999291         0.999587         0.999764         0.999823         0.999823 
        0.999882                1                1 

ECAL_shower_profile_y_bin 9  94      -0.88         1
               0                0      0.000139978      0.000279955      0.000279955      0.000279955      0.000839866      0.000839866 
     0.000839866       0.00111982       0.00153975       0.00209966       0.00237962        0.0025196       0.00349944       0.00391937 
      0.00489922       0.00643897       0.00727884       0.00993841        0.0128779        0.0153975         0.018757        0.0232363 
       0.0293953         0.037514        0.0466125        0.0582307        0.0699888        0.0820269        0.0947648         0.107783 
        0.119961         0.132839         0.152156         0.168253         0.182671         0.199328         0.215566         0.236002 
        0.255459         0.275616         0.293253          0.31271         0.330767         0.352324         0.371221         0.392777 
        0.409994         0.431131         0.452268         0.469485         0.490622         0.512738         0.535694         0.554871 
        0.578247         0.598404         0.619821         0.641797         0.663074         0.682951         0.705067         0.725364 
         0.74846         0.770297         0.789474          0.81075         0.830207         0.848404         0.866461         0.885638 
        0.902996         0.919093         0.933791         0.946948         0.959267         0.968785         0.977604         0.982923 
        0.987402         0.990622         0.993281         0.994681         0.996501          0.99692          0.99734          0.99776 
          0.9986          0.99874          0.99902          0.99916          0.99944          0.99986                1 



